Filename	Surface	Volume	Vertices	Edges	Faces
t3_Pve_A_1	1214.328369	2759.863037	39108	117318	
t3_Pve_A_10	1428.608521	3543.404541	43605	130809	
t3_Pve_A_11	1676.247437	3692.086182	52866	158592	105728
t3_Pve_A_12	2059.450195	4186.697754	64382	193146	128764
t3_Pve_A_13	1583.886108	3277.028076	50047	150135	100090
t3_Pve_A_14	1442.157104	3400.308350	46064	138186	
t3_Pve_A_15	1809.014893	3957.433350	56010	168024	112016
t3_Pve_A_2	1016.137451	2145.845215	31687	95055	
t3_Pve_A_3	1180.698364	2952.334473	37861	113577	
t3_Pve_A_4	1407.000366	3232.774902	42029	126081	
t3_Pve_A_5	1195.109619	2436.888428	37782	113340	
t3_Pve_A_6	1684.469604	4049.225098	52733	158193	105462
t3_Pve_A_7	1575.088135	3770.488770	50408	151218	100812
t3_Pve_A_8	1465.479980	3068.016846	46101	138297	
t3_Pve_A_9	1875.781250	4576.785156	57715	173139	115426
t3_Pve_B_1	2122.606445	2971.862793	55017	165045	110030
t3_Pve_B_10	1103.368042	1413.401611	34875	104619	
t3_Pve_B_11	1912.195313	2407.359619	52578	157728	105152
t3_Pve_B_12	1979.816772	2851.468262	53295	159879	106586
t3_Pve_B_13	1766.647949	2295.872314	49240	147714	
t3_Pve_B_14	1738.473389	2302.699463	48672	146010	
t3_Pve_B_15	1416.174683	1707.713013	41612	124830	
t3_Pve_B_2	1854.850952	2592.999268	57711	173127	115418
t3_Pve_B_3	1920.209839	2823.715088	52928	158778	105852
t3_Pve_B_4	1922.510376	3004.093506	56056	168162	112108
t3_Pve_B_5	1394.137085	1900.776245	41832	125490	
t3_Pve_B_6	1334.075562	1768.292480	37017	111045	
t3_Pve_B_7	1882.190430	2768.926270	57506	172512	115008
t3_Pve_B_8	1727.758057	2253.205811	50500	151494	100996
t3_Pve_B_9	1691.259888	2394.088379	50642	151926	101284
t3_Pve_C_1	2007.579346	4336.222168	59407	178215	118810
t3_Pve_C_10	1103.453369	2365.558350	34903	104703	
t3_Pve_C_11	1403.683350	3246.566162	44622	133860	
t3_Pve_C_12	2227.764404	5806.480957	70328	210978	140652
t3_Pve_C_13	1418.736084	3193.576172	41975	125919	
t3_Pve_C_14	2359.858887	7142.850586	73293	219873	146582
t3_Pve_C_15	2252.025391	6133.847656	66568	199698	133132
t3_Pve_C_2	2366.907959	5920.767578	62398	187188	124792
t3_Pve_C_3	2299.715576	5907.424316	66481	199437	132958
t3_Pve_C_4	2165.661865	4186.856934	62652	187950	125300
t3_Pve_C_5	1709.342896	4047.342041	51683	155043	103362
t3_Pve_C_6	1543.294434	3214.528564	45254	135756	
t3_Pve_C_7	1662.793579	3737.572998	51501	154497	102998
t3_Pve_C_8	1444.407349	3316.631104	43303	129903	
t3_Pve_C_9	1863.001099	4288.791504	57503	172503	115002
t3_Pve_D_1	1966.839233	2544.570557	58478	175428	116952
t3_Pve_D_10	1801.634155	2372.992188	53525	160569	107046
t3_Pve_D_11	1031.399780	1408.468994	32198	96588	
t3_Pve_D_12	1107.337158	1424.520508	33892	101670	
t3_Pve_D_13	697.817017	817.137817	22205	66609	
t3_Pve_D_14	839.881226	1122.828247	25750	77244	
t3_Pve_D_15	672.170532	863.388916	20118	60348	
t3_Pve_D_2	2116.633789	3062.603027	64595	193779	129186
t3_Pve_D_3	1993.654053	2483.954590	50410	151224	100816
t3_Pve_D_4	1494.613525	1763.154785	45757	137265	
t3_Pve_D_5	1721.722534	2454.076416	49625	148869	
t3_Pve_D_6	1997.081909	2387.337891	60650	181944	121296
t3_Pve_D_7	2078.636719	2693.690674	58204	174606	116404
t3_Pve_D_8	1703.378052	1992.374146	47957	143871	
t3_Pve_D_9	1545.504395	2148.617188	45536	136602	
t3_Pve_E_1	868.124084	1215.920044	26023	78063	
t3_Pve_E_10	919.795349	1236.882813	27118	81348	
t3_Pve_E_11	1152.873535	1747.536865	36510	109524	
t3_Pve_E_12	1510.309082	2280.719482	46444	139326	
t3_Pve_E_13	1475.669800	2060.328613	44994	134976	
t3_Pve_E_14	1044.923706	1626.199951	31790	95364	
t3_Pve_E_15	844.249817	1132.449829	25204	75606	
t3_Pve_E_2	867.832886	1182.994019	28093	84273	
t3_Pve_E_3	659.306030	1026.429321	19741	59217	
t3_Pve_E_4	1145.385498	1988.862305	34580	103734	
t3_Pve_E_5	886.648865	1319.144409	27496	82482	
t3_Pve_E_6	1458.319092	2067.431885	41455	124359	
t3_Pve_E_7	606.173218	722.931213	18826	56472	
t3_Pve_E_8	1162.476563	1588.068970	34723	104163	
t3_Pve_E_9	1046.657471	1503.008545	30790	92364	
t3_Pve_F_1	2246.719238	2642.963623	57406	172212	114808
t3_Pve_F_10	1109.579346	1037.506470	32961	98877	
t3_Pve_F_11	1297.971436	1359.115112	37331	111993	
t3_Pve_F_12	769.629395	607.231384	23207	69615	
t3_Pve_F_13	1033.504517	1140.404175	28576	85722	
t3_Pve_F_14	1519.822632	1529.263428	45856	137562	
t3_Pve_F_15	947.395569	837.542114	28662	85980	
t3_Pve_F_2	2173.393799	2074.135742	56801	170403	113602
t3_Pve_F_3	1131.685913	1052.997681	32711	98127	
t3_Pve_F_4	1615.600342	1570.560059	44778	134328	
t3_Pve_F_5	1115.262085	1061.884277	31193	93573	
t3_Pve_F_6	1103.404785	1094.736694	30611	91827	
t3_Pve_F_7	1379.659546	1207.277710	40164	120486	
t3_Pve_F_8	829.301453	848.162781	24414	73236	
t3_Pve_F_9	1003.880920	840.087463	29919	89751	
t3_Spi_A_1	2368.555664	3235.241699	77544	232626	155084
t3_Spi_A_10	1495.869385	2140.746826	46663	139983	
t3_Spi_A_11	2300.753906	3268.577637	74920	224754	149836
t3_Spi_A_12	1864.537231	2557.735840	59765	179289	119526
t3_Spi_A_13	2399.072021	3437.385254	75309	225921	150614
t3_Spi_A_14	2557.756592	3561.111084	81806	245412	163608
t3_Spi_A_15	1982.656250	2754.106689	62020	186054	124036
t3_Spi_A_2	2198.921875	3271.204346	70277	210825	140550
t3_Spi_A_3	1964.551270	2546.558594	58723	176163	117442
t3_Spi_A_4	2237.234375	3064.339355	69669	209001	139334
t3_Spi_A_5	2024.667847	3059.531738	60283	180843	120562
t3_Spi_A_6	1689.819824	2666.325928	54640	163914	109276
t3_Spi_A_7	1732.734741	2188.342529	56415	169239	112826
t3_Spi_A_8	1914.126343	2646.427490	58616	175842	117228
t3_Spi_A_9	1721.419678	2307.222168	54629	163881	109254
t3_Spi_B_1	945.814087	1318.466064	29241	87717	
t3_Spi_B_10	1116.510986	1544.409546	36015	108039	
t3_Spi_B_11	897.809570	1271.109375	28801	86397	
t3_Spi_B_12	957.241821	1434.215576	30342	91020	
t3_Spi_B_13	994.803955	1331.896606	31816	95442	
t3_Spi_B_14	810.644897	1274.460449	25771	77307	
t3_Spi_B_15	590.053650	813.547729	18654	55956	
t3_Spi_B_2	961.606628	1405.818359	29869	89601	
t3_Spi_B_3	651.435303	870.539795	20722	62160	
t3_Spi_B_4	993.700745	1425.182495	32191	96567	
t3_Spi_B_5	754.675781	996.316833	22423	67263	
t3_Spi_B_6	1571.301147	2315.225586	50891	152667	101778
t3_Spi_B_7	1184.821289	1608.827148	38154	114456	
t3_Spi_B_8	697.334839	982.276428	20688	62058	
t3_Spi_B_9	1005.649902	1353.085571	32472	97410	
t3_Spi_C_1	2256.173584	3993.291992	72413	217239	144826
t3_Spi_C_10	1274.243408	1971.194336	38137	114405	
t3_Spi_C_11	1625.895874	2711.898682	53308	159918	106612
t3_Spi_C_12	1685.449829	2934.954590	52366	157092	104728
t3_Spi_C_13	1695.557617	2932.843994	53454	160356	106904
t3_Spi_C_14	2121.695313	3797.364014	67285	201849	134566
t3_Spi_C_15	1523.333252	2342.456055	47335	141999	
t3_Spi_C_2	1721.173462	2829.882813	54049	162141	108094
t3_Spi_C_3	2661.208008	5271.090332	78731	236187	157458
t3_Spi_C_4	2665.923096	4905.520020	80452	241350	160900
t3_Spi_C_5	2428.757324	4260.646973	74967	224901	149934
t3_Spi_C_6	1413.268921	2084.208496	44095	132279	
t3_Spi_C_7	1960.757935	3457.681152	62394	187176	124784
t3_Spi_C_8	1689.262573	2861.219971	53138	159408	106272
t3_Spi_C_9	1775.360352	3118.285645	54283	162843	108562
t3_Spi_D_1	1000.361328	1403.865479	30255	90759	
t3_Spi_D_10	726.479614	892.374817	22907	68715	
t3_Spi_D_11	1317.678955	1929.977905	39610	118824	
t3_Spi_D_12	1466.479858	2154.499756	43759	131271	
t3_Spi_D_13	1414.644409	2021.804565	40400	121194	
t3_Spi_D_14	1851.981689	2898.363037	56808	170418	113612
t3_Spi_D_15	2605.859375	3828.356201	80562	241704	161136
t3_Spi_D_2	955.656067	1259.431641	30053	90153	
t3_Spi_D_3	1219.919067	1640.282715	37643	112923	
t3_Spi_D_4	606.300842	795.459351	18643	55923	
t3_Spi_D_5	979.069519	1277.523193	30431	91287	
t3_Spi_D_6	707.685303	888.153076	22627	67875	
t3_Spi_D_7	551.641357	697.955078	17535	52605	
t3_Spi_D_8	1245.630371	1726.645264	36739	110211	
t3_Spi_D_9	1344.829346	1914.206299	38165	114489	
t3_Spi_E_1	1238.303833	1781.481079	39140	117420	
t3_Spi_E_10	1178.912964	1759.899658	35686	107052	
t3_Spi_E_11	2028.232056	3072.212646	60353	181053	120702
t3_Spi_E_12	1662.441284	2521.469482	51565	154689	103126
t3_Spi_E_13	2512.993652	3903.406250	70099	210291	140194
t3_Spi_E_14	1365.544556	2080.888184	42123	126363	
t3_Spi_E_15	1415.423828	2081.668457	39877	119625	
t3_Spi_E_2	988.464233	1281.686890	30988	92958	
t3_Spi_E_3	1106.295532	1636.748169	34555	103659	
t3_Spi_E_4	1518.932007	2318.250244	44665	133989	
t3_Spi_E_5	891.655151	1233.706787	25993	77973	
t3_Spi_E_6	1138.438843	1689.585938	35072	105210	
t3_Spi_E_7	1557.378662	2354.245605	48678	146028	
t3_Spi_E_8	1461.156616	2152.426025	44752	134250	
t3_Spi_E_9	1453.375366	2309.551514	44061	132177	
t3_Spi_F_1	1418.033325	1973.731689	43127	129375	
t3_Spi_F_10	1726.846436	2306.542969	49891	149667	
t3_Spi_F_11	1459.245605	1947.794189	42930	128784	
t3_Spi_F_12	968.806824	1326.448853	28865	86589	
t3_Spi_F_13	1590.807251	2035.009033	48366	145092	
t3_Spi_F_14	1189.176392	1490.897217	34598	103788	
t3_Spi_F_15	1064.274414	1320.193359	32263	96783	
t3_Spi_F_2	807.131897	996.642273	25293	75873	
t3_Spi_F_3	966.574646	1120.557251	29330	87984	
t3_Spi_F_4	1548.638306	2068.749512	49163	147483	
t3_Spi_F_5	1098.989624	1474.888916	32515	97539	
t3_Spi_F_6	1769.363525	2024.215576	55916	167742	111828
t3_Spi_F_7	1649.718384	2115.604980	49724	149166	
t3_Spi_F_8	1933.352417	2376.212402	55548	166638	111092
t3_Spi_F_9	1541.996826	1948.100952	46887	140655	
